0 0 0 0 1 0 0 0 0 0
0 2 1 0 0 0 0 0 0 0
0 0 0 1 0 0 0 0 0 0
0 0 0 0 0 0 0 0 0 2
0 0 0 0 0 1 0 0 0 0
0 0 1 0 0 0 0 0 0 0
0 0 0 0 0 0 0 0 0 1
0 0 0 0 0 0 0 1 1 0
0 0 0 0 0 0 0 0 0 0
0 0 0 0 0 0 0 1 0 0
0 0 0 0 0 0 0 0 0 0
2 0 0 0 1 0 0 2 0 0
0 0 0 0 0 0 0 0 0 0
0 1 0 1 0 2 0 0 0 0
0 0 2 2 0 0 0 1 0 1
0 1 0 3 0 0 4 1 0 0
0 0 2 0 1 0 0 0 0 0
1 0 1 2 0 0 0 0 1 0
0 0 0 0 0 0 0 0 0 0
0 2 0 0 0 0 0 0 0 0
0 0 0 1 1 0 0 0 0 2
1 0 0 0 1 3 0 0 0 2
0 2 0 0 0 0 3 0 0 0
0 0 0 0 2 0 1 0 0 1
0 0 0 0 0 0 1 0 0 0
0 0 0 0 0 0 0 0 0 1
0 0 1 0 2 0 0 0 0 2
0 0 0 1 0 2 0 0 0 0
0 1 1 0 0 0 1 0 1 0
0 0 0 0 0 0 2 0 0 0
0 0 0 0 2 0 2 0 0 0
0 0 1 0 0 0 0 0 0 0
0 1 0 0 2 1 0 0 0 0
0 1 0 1 0 0 0 0 0 0
1 0 1 0 0 0 0 0 2 0
1 0 1 2 0 0 0 0 0 0
0 0 0 0 0 0 0 0 1 2
0 1 0 0 0 0 0 0 0 0
0 1 0 0 0 0 0 0 0 2
0 0 0 0 0 1 0 0 0 0
0 0 1 2 0 0 0 0 0 0
0 1 0 0 0 2 0 0 0 0
0 2 0 0 0 0 0 0 0 0
0 0 0 0 0 0 0 0 2 0
0 0 0 1 1 0 0 2 0 1
0 0 0 0 0 0 0 0 0 0
0 3 0 0 0 2 0 0 0 0
0 1 1 0 0 0 0 2 2 0
0 0 3 0 0 0 0 0 0 0
0 0 2 0 0 0 0 0 0 0
0 0 3 0 0 0 0 0 0 1
0 0 0 0 0 0 0 2 0 0
0 0 3 0 2 1 4 0 0 0
0 1 2 0 0 0 0 2 0 0
0 1 3 1 1 0 0 0 3 2
0 0 2 2 0 2 0 1 0 1
2 2 0 0 0 0 0 0 1 2
2 0 0 0 2 0 1 0 0 2
1 0 0 1 0 0 0 0 0 0
0 0 0 1 0 0 2 2 0 0
0 0 0 0 0 0 0 0 1 0
2 0 0 0 1 0 0 0 0 1
1 0 2 0 0 2 0 0 0 0
0 0 1 0 0 0 1 1 0 15
1 1 0 0 0 0 0 0 0 0
2 0 0 0 0 0 0 0 0 0
2 0 0 0 3 0 0 0 0 0
1 2 0 1 4 0 0 0 0 0
0 3 0 0 0 0 0 0 0 0
1 0 0 0 0 1 0 0 0 0
0 0 5 0 1 3 1 2 2 0
0 0 1 0 0 0 0 0 0 2
1 3 0 0 0 0 1 0 11 2
0 0 0 0 0 0 4 0 0 0
0 0 0 3 1 4 0 0 0 0
2 0 0 0 0 4 0 0 2 0
0 0 0 0 1 1 10 0 0 0
1 1 2 2 2 0 0 0 0 0
0 3 2 2 1 0 0 1 0 1
0 0 0 0 6 2 0 0 0 0
0 0 0 0 0 0 6 0 0 0
0 0 0 0 1 12 1 0 0 0
3 2 1 0 1 2 2 1 9 0
0 0 0 0 0 2 0 1 0 2
0 0 0 0 0 0 1 0 1 0
2 0 0 0 0 0 1 0 2 0
1 0 0 0 0 0 0 0 0 0
0 0 0 1 0 0 0 0 0 0
0 2 0 0 0 0 0 1 0 0
0 0 0 0 0 0 0 2 0 0
0 1 1 0 0 2 1 0 2 0
0 2 0 0 0 0 0 0 0 0
3 0 0 0 0 0 2 0 1 0
0 0 0 0 2 0 0 0 0 0
0 0 0 0 0 0 0 0 0 0
1 0 0 0 0 0 0 0 0 0
0 0 1 0 0 0 1 0 0 0
0 0 0 0 0 0 0 0 3 0
0 0 0 0 0 0 0 0 0 0
0 0 2 0 5 0 0 0 0 0
0 0 0 0 0 1 0 2 0 0
0 0 0 0 2 0 0 3 0 0
0 0 1 0 0 0 0 0 0 0
0 0 0 0 0 0 0 0 0 1
0 0 4 0 0 0 0 0 0 0
0 0 0 1 0 0 0 0 0 3
2 0 2 5 0 0 0 0 2 0
0 0 0 0 0 2 0 0 0 0
0 0 0 0 0 0 1 2 0 0
2 0 0 0 2 0 0 2 0 0
0 0 0 0 0 0 0 0 0 0
1 0 0 1 0 0 0 0 1 0
0 0 0 0 0 0 0 0 1 0
0 0 0 0 0 0 0 0 1 0
0 0 0 0 0 0 0 0 0 0
0 0 0 1 0 1 0 0 0 0
0 0 0 2 1 0 1 2 0 0
0 0 0 2 2 0 0 0 0 0
0 1 1 0 0 1 0 0 0 1
0 2 0 0 0 0 0 0 0 1
0 0 0 0 0 0 1 0 0 0
0 0 0 0 0 0 0 0 0 7
0 4 4 0 0 0 0 0 0 0
2 0 1 3 0 0 1 0 6 0
2 0 0 1 1 0 4 0 8 2
0 2 0 0 0 0 0 0 0 0
0 2 0 0 0 0 2 0 0 0
0 0 0 1 0 0 0 0 5 0
0 0 3 0 2 0 1 0 1 1
0 0 0 0 0 1 0 0 1 0
0 0 0 0 0 2 1 0 0 0
0 2 0 0 0 0 0 0 0 0
0 0 0 5 0 0 0 0 0 11
0 0 0 2 0 0 10 2 0 0
0 0 0 0 2 0 2 0 0 0
0 0 5 0 0 1 2 0 0 2
0 1 0 0 0 0 3 0 0 3
0 5 2 1 0 0 0 1 2 0
0 0 0 0 0 0 0 0 0 0
1 2 0 0 0 0 1 1 0 1
1 0 0 0 4 1 2 0 2 0
0 1 1 2 0 0 0 0 0 1
0 0 0 0 0 2 1 0 1 0
0 3 2 0 1 0 0 6 0 0
1 1 0 0 1 0 1 0 0 0
1 0 0 3 0 0 2 0 2 0
1 0 2 3 0 0 0 0 0 0
0 0 2 0 0 0 0 0 0 0
0 0 1 0 0 0 1 0 0 0
0 0 0 0 1 1 1 0 1 1
2 0 0 0 0 0 0 0 0 0
0 0 0 4 0 0 2 0 0 0
9 1 0 4 0 0 0 2 1 1
4 0 2 1 0 7 0 0 1 0
0 0 2 2 2 0 0 0 0 0
6 5 2 0 2 0 4 0 1 4
1 0 1 2 5 5 0 0 2 0
0 0 0 1 5 2 0 0 0 0
0 2 0 0 1 0 0 2 0 0
0 7 0 4 0 0 0 1 0 4
0 0 3 0 0 0 0 0 0 12
0 0 0 2 1 0 0 0 2 1
2 3 0 0 0 5 0 0 0 0
1 0 1 0 0 3 0 6 3 0
1 0 1 0 7 1 2 6 1 0
1 0 1 2 11 3 0 0 5 4
3 8 0 13 2 3 0 4 0 0
0 0 4 16 1 11 0 0 6 2
13 4 25 0 5 2 1 0 2 0
1 11 0 2 12 6 0 16 8 0
0 0 2 0 10 0 0 19 5 5
13 9 12 1 28 0 9 6 17 7
10 7 13 0 10 18 7 2 0 0
2 18 0 7 1 6 1 11 28 15
0 10 1 4 0 0 0 7 19 9
8 0 0 0 6 16 2 8 14 5
7 0 10 0 4 2 0 10 15 4
4 5 0 9 7 0 11 0 0 2
6 8 1 0 12 7 6 0 0 1
5 1 8 0 3 14 5 3 16 12
5 0 0 7 1 0 8 0 8 0
0 4 11 7 9 0 3 0 5 4
4 3 6 0 6 1 3 8 2 2
5 0 4 0 8 0 3 2 2 0
0 0 9 0 6 6 5 4 3 0
0 4 7 2 0 2 2 2 1 0
3 0 7 0 0 5 1 0 3 0
10 0 18 0 14 0 0 1 0 4
0 2 0 1 4 1 3 1 0 7
6 5 0 1 4 11 3 0 7 12
4 7 3 2 7 0 3 3 0 2
0 5 13 3 8 0 0 1 0 1
11 0 5 0 5 7 0 0 0 0
0 13 0 0 5 2 0 1 0 2
10 0 0 0 0 1 1 9 0 0
2 2 2 0 0 6 3 7 7 1
0 0 0 0 4 0 0 0 2 7
2 9 4 1 0 1 0 0 0 0
0 6 0 0 0 0 4 0 0 20
10 0 2 2 1 0 0 3 0 1
0 0 3 11 1 0 2 3 0 2
0 0 0 6 0 2 1 0 0 6
2 2 0 0 0 3 0 0 12 0
0 5 0 0 0 2 0 0 0 0
0 0 5 2 8 0 0 0 6 0
12 0 0 0 0 0 5 2 0 1
0 16 0 2 12 0 2 2 0 0
11 3 15 1 0 7 0 0 3 2
1 0 2 2 0 2 0 11 0 8
0 1 6 0 16 0 8 4 0 6
2 0 9 18 0 24 1 0 0 2
0 1 12 0 0 0 3 12 2 1
7 0 21 0 0 0 0 1 0 2
1 0 0 11 0 2 0 2 0 0
2 1 5 0 0 2 0 0 5 0
3 0 0 0 0 0 0 0 11 0
0 8 0 0 0 1 1 0 0 0
11 17 0 2 0 2 10 0 11 12
0 0 17 0 0 0 0 0 0 9
0 0 2 0 3 9 0 0 0 6
4 3 0 14 6 10 1 11 0 0
1 1 0 2 0 0 0 0 0 12
8 0 8 3 0 0 0 0 0 0
0 0 0 0 0 0 0 1 0 0
0 1 0 0 0 3 0 0 3 0
7 0 0 0 0 0 0 6 0 0
0 0 0 1 6 0 4 0 3 5
0 0 4 1 10 0 0 0 9 0
8 0 0 0 0 1 0 0 10 0
0 6 0 0 3 0 10 3 0 0
0 0 1 0 0 0 0 0 0 0
0 0 6 0 0 0 0 0 9 2
0 0 0 0 1 0 0 0 0 0
0 0 0 0 1 0 0 0 2 1
12 0 0 0 0 0 0 0 8 2
0 0 6 0 0 2 3 0 0 0
4 7 0 0 4 0 1 0 0 1
2 0 0 0 0 0 9 2 0 0
0 0 1 0 1 0 0 0 0 2
0 0 3 0 0 0 1 0 0 0
7 0 0 0 0 0 2 1 3 0
0 0 0 2 4 0 0 0 0 0
0 2 0 0 0 0 0 0 0 0
1 0 0 0 0 0 0 0 0 3
0 0 0 0 0 0 1 0 0 5
1 0 0 1 2 0 1 0 0 0
0 0 0 0 0 0 0 0 0 0
0 0 0 0 3 0 0 0 0 2
0 4 0 0 0 0 0 1 0 0
0 0 0 3 0 0 1 0 1 1
1 0 0 0 0 0 0 0 0 0
0 3 0 0 0 0 0 6 0 0
0 0 0 0 0 0 0 0 0 0
0 0 0 0 2 5 0 0 0 0
0 0 0 0 0 0 0 0 0 0
0 0 0 0 0 0 2 0 0 0
0 0 0 0 0 3 0 0 0 0
0 0 0 0 0 0 0 0 0 0
0 0 0 0 0 0 0 0 0 0
0 0 0 0 0 0 0 0 0 2
0 1 0 0 0 0 0 0 0 0
0 0 0 0 1 0 0 0 0 1
0 0 2 0 0 0 0 0 0 0
0 0 0 0 0 0 0 2 1 0
0 0 0 0 0 0 0 0 0 0
0 0 0 0 0 1 3 0 0 0
0 0 0 0 0 0 0 1 0 0
0 0 0 0 0 3 1 0 0 0
0 0 0 0 0 0 1 0 6 0
0 0 0 0 0 1 1 0 0 0
0 1 0 1 2 0 0 4 0 4
0 0 0 0 0 0 0 0 0 0
0 0 0 0 0 0 0 0 1 0
0 0 0 0 0 0 0 0 0 0
3 0 0 0 0 0 0 0 0 0
0 0 0 0 0 0 0 1 0 0
0 0 0 0 0 0 0 0 0 0
0 0 0 0 0 0 0 6 0 0
1 0 0 3 1 1 0 0 0 0
0 0 0 0 0 0 0 0 0 0
1 0 0 1 0 0 0 0 0 0
1 0 0 0 0 0 0 0 0 0
1 0 0 0 0 0 0 0 0 0
0 0 0 0 1 0 0 0 0 0
0 0 0 0 1 0 0 0 0 0
0 0 0 0 0 0 0 0 0 0
0 1 0 2 0 0 0 0 0 0
0 0 0 0 0 0 0 0 0 0
1 0 0 0 0 0 0 0 3 1
0 0 0 0 0 0 0 0 0 0
0 6 0 0 0 0 3 0 0 0
0 0 0 0 0 0 0 0 0 0
0 0 0 0 0 0 0 0 0 0
0 0 0 0 0 0 0 2 0 0
0 0 0 0 0 0 0 0 0 0
0 0 0 0 0 1 0 0 0 0
0 2 0 1 0 0 1 0 0 0
0 0 0 0 0 0 0 0 0 0
0 0 1 0 0 1 0 0 1 0
0 0 0 0 0 0 2 0 0 0
0 0 0 0 0 0 0 2 0 0
0 0 0 0 2 0 0 0 0 0
0 0 0 0 0 0 0 1 0 3
0 1 0 0 0 0 0 0 0 2
0 5 1 0 2 0 0 0 0 0
2 0 0 0 1 0 0 0 0 0
0 0 0 0 0 0 0 0 0 0
0 0 0 0 0 0 0 0 0 0
0 0 0 0 0 0 0 0 0 0
0 0 0 1 0 0 0 3 0 0
0 0 0 0 0 0 0 0 0 0
0 0 0 0 0 0 0 0 0 0
0 0 0 0 2 3 0 0 2 0
1 0 1 0 2 0 0 0 0 0
0 4 0 0 0 0 1 0 0 0
0 0 0 0 0 0 0 0 0 0
0 0 0 1 0 0 0 0 0 0
0 0 0 0 0 0 0 0 0 0
1 0 1 2 0 1 0 0 0 0
0 0 0 0 0 0 0 0 0 2
0 0 0 0 0 0 0 0 0 0
0 0 0 0 0 0 0 0 0 0
0 1 0 0 1 0 2 0 0 0
0 0 0 0 0 0 0 0 0 0
1 0 0 0 0 0 0 0 0 0
0 0 0 0 0 0 0 0 0 0
0 0 0 0 0 0 0 0 0 0
0 0 0 0 0 0 0 0 0 1
5 0 0 0 2 2 0 0 0 0
0 0 0 0 0 0 0 0 0 1
0 0 0 0 0 1 0 0 0 1
2 1 0 2 0 0 0 0 0 0
0 0 1 0 0 0 0 3 0 0
